[100. 100. 100. 100. 100. 100. 100. 100. 100. 100. 100. 100. 100. 100.
 100. 100. 100. 100. 100. 100. 100. 100. 100. 100. 100. 100. 100. 100.
 100. 100. 100. 100. 100. 100. 100. 100. 100. 100. 100. 100. 100. 100.
 100. 100. 100. 100. 100. 100. 100. 100. 100. 100. 100. 100. 100. 100.
 100. 100. 100. 100.]
[14.95058357 16.5584267  18.04911298 19.71676004 21.54813259 23.28657796
 25.14344071 26.78562622 28.17792314 29.93611642 31.80449877 33.66244695
 35.46611175 37.36429102 39.31404592 41.22370979 43.06619239 44.98631377
 46.92289173 48.86182731 50.71102198 52.6550696  54.57933431 56.57933431
 58.57933431 60.57933431 62.57443235 64.56707941 66.56707941 68.56707941
 70.56707941 72.56707941 74.56707941 76.56707941 78.18472647 80.18472647
 81.83178529 82.86119705 84.00923627 85.55335392 86.50678529 87.88913823
 88.85335392 90.47100098 91.53962843 92.25286372 93.10629509 93.71462843
 94.44733151 95.09144916 95.61649584 96.0086527  96.51796643 96.85031937
 97.01894682 97.28050144 97.4236387  97.78145319 98.38915627 98.63096299]
[ 5.95486336  6.63889909  7.34807276  8.25018527  9.36377617 10.48914272
 11.61468385 13.24562243 14.37475409 15.95973308 17.55360244 19.30664866
 20.96710618 22.82196145 24.37321029 26.22066594 28.1463312  30.10834101
 32.08229059 34.00073129 35.96347639 37.91641757 39.9131496  41.90947312
 43.90947312 45.90457116 47.90457116 49.90457116 51.90457116 53.90457116
 55.90457116 57.90457116 59.90457116 61.90457116 63.81906696 65.81906696
 67.74202448 69.43153831 71.15191647 73.05327034 74.69771479 76.56832636
 78.23779415 80.15197482 81.91698775 83.37620811 84.95500872 86.36024172
 87.48116418 88.85780984 89.94970781 91.26567207 92.5564984  93.65438589
 94.54079499 95.41542844 96.28988732 96.65894873 97.52981708 97.94483809]
[ 7.89319529  8.79950597  9.7215115  10.83489623 12.16600301 13.48572967
 14.83845386 16.42958403 17.62630069 19.2652987  20.95719824 22.73352511
 24.43515168 26.29493751 27.98591111 29.85236353 31.72534531 33.6594689
 35.60970083 37.53152427 39.4250864  41.36553011 43.32038588 45.31842509
 47.31842509 49.3157513  51.3130775  53.30887582 55.30887582 57.30887582
 59.30887582 61.30887582 63.30887582 65.30887582 67.17222783 69.17222783
 71.0474846  72.5902691  74.20026564 76.0428696  77.54161563 79.33150613
 80.85348644 82.7174687  84.35203495 85.62814903 87.05412583 88.25836522
 89.27498308 90.46601149 91.41568053 92.50936985 93.58736432 94.47397959
 95.14287281 95.82314615 96.47042196 96.87929179 97.68257513 98.04357711]
[84.82169118 84.92980844 85.03308824 85.15963622 85.31467686 85.47586107
 85.64468847 85.84476587 85.9504644  86.16984327 86.41495743 86.67506772
 86.90334752 87.17879257 87.42269737 87.69785217 87.98185952 88.28091138
 88.58088235 88.87166215 89.16703754 89.46792763 89.77065596 90.08533282
 90.40092879 90.71560565 91.03028251 91.34495937 91.66118421 91.97740906
 92.29237616 92.60797214 92.92356811 93.24134094 93.55055147 93.86866293
 94.17627709 94.46860488 94.7597233  95.07135255 95.35540828 95.6501548
 95.92806695 96.23268189 96.51335139 96.77563854 97.04131192 97.28337848
 97.53647446 97.77699303 98.00217686 98.20965557 98.42197175 98.61101974
 98.77157508 98.92598684 99.07275542 99.18827399 99.39817144 99.49438854]
[0.39023229 0.38666606 0.38282833 0.37870433 0.37427732 0.36948856
 0.36456586 0.35902051 0.35367544 0.34826237 0.34203217 0.33537859
 0.32837841 0.32145709 0.31424736 0.30682711 0.29922818 0.29106901
 0.2828643  0.27508404 0.26683045 0.2587904  0.25034061 0.24161107
 0.23281755 0.2239007  0.21496903 0.20756027 0.2004894  0.19340157
 0.18637173 0.17934486 0.17240801 0.16564119 0.15879854 0.15194603
 0.14508853 0.13836473 0.13164029 0.12512501 0.11853236 0.11203169
 0.10560664 0.09919126 0.09256759 0.08628692 0.08021    0.07435358
 0.06856866 0.06288223 0.05758624 0.0522006  0.04708647 0.04225861
 0.03773375 0.03357065 0.02954148 0.02613497 0.02252818 0.01898939]
